jails: 
  mainjail: 
    world: Universalis
    x: 525.379191499391
    y: 48.0
    z: -797.4479289145645
    yaw: -91.12917
    pitch: 83.09993
